1	0.0357206690883163	-0.0127840248144544	0.911078599236652
1	0.0693412512353664	0.0462275008235776	0.32978695156791
1	0.0844843618862826	0.0728050104816265	0.068019869421088
1	0.145837117020177	0.138723104596582	0.40597640304486
1	0.145836173609952	0.138722201781539	0.405976917195716
1	0.49814186728106	0.463340905923433	-1.47628505073283
1	0.498137749545982	0.463337143520413	-1.47627921917012
1	0.498142680087895	0.463341648590667	-1.47628620183445
1	0.498137139493602	0.463336586111332	-1.47627835520996
1	0.49814289463899	0.463341844627482	-1.47628650568322
1	0.498141215402466	0.463340310297458	-1.47628412753772
1	0.498141024313597	0.463340135698235	-1.47628385691655
1	0.498142632224694	0.463341604857723	-1.47628613405038
1	0.498137636409815	0.463337040147113	-1.47627905894581
1	0.49813737220331	0.463336798739796	-1.47627868477502
1	0.49813626154598	0.463335783924524	-1.47627711185487
1	0.498141807904798	0.463340851670928	-1.47628496664368
1	0.498138591135481	0.463337912486571	-1.47628041103417
1	0.498138704695936	0.463338016247537	-1.47628057185909
1	0.666537148454186	0.666574912257353	-0.332405465057263
1	0.666537438116389	0.666575117462358	-0.3324075401963
1	0.666490395873211	0.666471048295509	-0.334051336302309
1	0.666613640698934	0.666609601048549	-0.334218437014215
1	0.666584274827922	0.666581331000447	-0.333293662323285
1	0.666458123572941	0.666458123572941	-0.332916247145477
1	0.666630657574434	0.666613385426647	-0.333995381429759
1	0.666797669650467	0.666797669650467	-0.334193935777193
1	0.666559046498879	0.666551305577698	-0.333845444176177
1	0.666607539846261	0.66660349481786	-0.333386993399699
1	0.66660295627592	0.666602956275923	-0.333205912551875
1	0.666635859641847	0.666635859641843	-0.333271719284085
1	0.666689168063606	0.666689168063606	-0.333378336127225
1	0.666601671167385	0.666601671167381	-0.333837092595559
1	0.741721465353145	0.735455715417395	-0.605625054453412
1	0.741698232990856	0.735434084464131	-0.60554736225231
1	0.741745525147728	0.735478187367583	-0.605704137008615
1	0.741712502476553	0.735458659730341	-0.605375354221451
1	0.741677797285504	0.73541547520864	-0.605473709155831
1	0.741723712764191	0.735462739504406	-0.605514123554713
1	0.741725715476896	0.735460937569506	-0.605614600147419
1	0.741696190699713	0.735433126504326	-0.605522133209433
1	0.74170471726238	0.73543972983682	-0.605576689322788
1	0.741785682568356	0.735523950418809	-0.605510874579068
1	0.741737040548514	0.735469759667744	-0.605686058271658
1	0.741682318398809	0.735420126576415	-0.605481915188193
1	0.741755380657196	0.735487681818952	-0.605730888660219
1	0.741728737434642	0.735473564870624	-0.605433022152738
1	0.741727235666822	0.735472164085195	-0.605428802144615
1	0.741676567397413	0.735425717800737	-0.605245143574848
1	0.74173992693899	0.735479097825248	-0.605567765835076
1	0.741659926510991	0.735393849801191	-0.605508348863168
1	0.741660333486379	0.735395147605836	-0.605491791643544
1	0.741635748779174	0.735372405716333	-0.605409387041163
1	0.741648845188806	0.735385784251939	-0.605427596315167
1	0.741673363561688	0.735407487864549	-0.605531303217504
1	0.741613765471726	0.735349898767197	-0.605376397616055
1	0.741638878522778	0.735375601254304	-0.605413532085095
1	0.741672736472026	0.735410302865745	-0.605466682802671
1	0.741637102430943	0.735371183185016	-0.605459630158293
1	0.741609761718124	0.735345753501221	-0.605367884995758
1	0.741599858558153	0.735333454472858	-0.605394596779661
1	0.741582832347028	0.735318168046646	-0.605326149076063
1	0.741604740800774	0.735339964830594	-0.605319113878977
1	0.741537997005317	0.735272288500468	-0.605260364192873
1	0.999537114199612	0.999530160561463	-0.999204717620159
1	0.999532188830912	0.999525166720403	-0.999481728798855
1	1.00045722100012	1.00046338868556	-1.00055746171347
1	1.00046036815336	1.00046657529262	-1.00059038111613
1	0.9995393360809	0.999533125964987	-0.99928576745333
1	1.00048179225692	1.00048187474904	-1.00054184373403
1	1.00026773705976	1.00026773705981	-1.00053547411881
1	1.00042956885984	1.00042953778529	-1.00070291015982
1	0.99997400809913	0.99996932893032	-0.999705212361732
1	0.99997400809913	0.99996932893032	-0.999705212361732
