1	0.156591503844182	0.289092007096951	-0.385232534006223
1	0.172869538624283	0.360811555790632	-0.570898326160614
1	0.334259365108906	0.693727087367314	-0.147477516058359
1	0.399800225504686	0.799600451009367	0.200399548990902
1	0.666333547647845	1.33266709529564	1.00000000000136
1	0.729195110161099	1.47096254980764	0.67311943337711
1	0.729195110161099	1.47096254980764	0.67311943337711
1	0.999811980738087	1.99960949845609	1.00037603852252
1	0.999811980738087	1.99960949845609	1.00037603852252
1	0.999773813456585	1.99954762691312	0.999999999999731
1	0.999773813456585	1.99954762691312	0.999999999999731
1	0.999998300476985	1.99999320190424	0.999853840865853
1	0.999998300476985	1.99999320190424	0.999853840865853
1	0.999835285028126	1.99967057005625	1.00000000000091
1	0.999835285028126	1.99967057005625	1.00000000000091
